(kicad_pcb (version 20171130) (host pcbnew 5.0.2-bee76a0~70~ubuntu16.04.1)

  (general
    (thickness 1.6)
    (drawings 0)
    (tracks 363)
    (zones 0)
    (modules 48)
    (nets 23)
  )

  (page A4)
  (layers
    (0 F.Cu signal)
    (31 B.Cu signal)
    (32 B.Adhes user)
    (33 F.Adhes user)
    (34 B.Paste user)
    (35 F.Paste user)
    (36 B.SilkS user)
    (37 F.SilkS user)
    (38 B.Mask user)
    (39 F.Mask user)
    (40 Dwgs.User user)
    (41 Cmts.User user)
    (42 Eco1.User user)
    (43 Eco2.User user)
    (44 Edge.Cuts user)
    (45 Margin user)
    (46 B.CrtYd user)
    (47 F.CrtYd user)
    (48 B.Fab user)
    (49 F.Fab user)
  )

  (setup
    (last_trace_width 0.4)
    (trace_clearance 0.25)
    (zone_clearance 0.508)
    (zone_45_only no)
    (trace_min 0.2)
    (segment_width 0.2)
    (edge_width 0.15)
    (via_size 1)
    (via_drill 0.5)
    (via_min_size 0.4)
    (via_min_drill 0.3)
    (uvia_size 0.3)
    (uvia_drill 0.1)
    (uvias_allowed no)
    (uvia_min_size 0.2)
    (uvia_min_drill 0.1)
    (pcb_text_width 0.3)
    (pcb_text_size 1.5 1.5)
    (mod_edge_width 0.15)
    (mod_text_size 1 1)
    (mod_text_width 0.15)
    (pad_size 1.524 1.524)
    (pad_drill 0.762)
    (pad_to_mask_clearance 0.051)
    (solder_mask_min_width 0.25)
    (aux_axis_origin 0 0)
    (visible_elements FFFFFF77)
    (pcbplotparams
      (layerselection 0x010fc_ffffffff)
      (usegerberextensions false)
      (usegerberattributes false)
      (usegerberadvancedattributes false)
      (creategerberjobfile false)
      (excludeedgelayer true)
      (linewidth 0.100000)
      (plotframeref false)
      (viasonmask false)
      (mode 1)
      (useauxorigin false)
      (hpglpennumber 1)
      (hpglpenspeed 20)
      (hpglpendiameter 15.000000)
      (psnegative false)
      (psa4output false)
      (plotreference true)
      (plotvalue true)
      (plotinvisibletext false)
      (padsonsilk false)
      (subtractmaskfromsilk false)
      (outputformat 1)
      (mirror false)
      (drillshape 1)
      (scaleselection 1)
      (outputdirectory ""))
  )

  (net 0 "")
  (net 1 /+24V)
  (net 2 "Net-(C1-Pad2)")
  (net 3 /In4)
  (net 4 /In5)
  (net 5 /In3)
  (net 6 /In2)
  (net 7 /In1)
  (net 8 /GND)
  (net 9 /Out4)
  (net 10 /Out1)
  (net 11 /Out2)
  (net 12 /Out3)
  (net 13 /Out5)
  (net 14 "Net-(D2-Pad1)")
  (net 15 "Net-(C3-Pad2)")
  (net 16 "Net-(C5-Pad2)")
  (net 17 "Net-(C7-Pad2)")
  (net 18 "Net-(C9-Pad2)")
  (net 19 "Net-(D11-Pad1)")
  (net 20 "Net-(D8-Pad1)")
  (net 21 "Net-(D5-Pad1)")
  (net 22 "Net-(D14-Pad1)")

  (net_class Default "This is the default net class."
    (clearance 0.25)
    (trace_width 0.4)
    (via_dia 1)
    (via_drill 0.5)
    (uvia_dia 0.3)
    (uvia_drill 0.1)
    (add_net /+24V)
    (add_net /GND)
    (add_net /In1)
    (add_net /In2)
    (add_net /In3)
    (add_net /In4)
    (add_net /In5)
    (add_net /Out1)
    (add_net /Out2)
    (add_net /Out3)
    (add_net /Out4)
    (add_net /Out5)
    (add_net "Net-(C1-Pad2)")
    (add_net "Net-(C3-Pad2)")
    (add_net "Net-(C5-Pad2)")
    (add_net "Net-(C7-Pad2)")
    (add_net "Net-(C9-Pad2)")
    (add_net "Net-(D11-Pad1)")
    (add_net "Net-(D14-Pad1)")
    (add_net "Net-(D2-Pad1)")
    (add_net "Net-(D5-Pad1)")
    (add_net "Net-(D8-Pad1)")
  )

  (module Capacitors_SMD:C_0805_HandSoldering (layer F.Cu) (tedit 58AA84A8) (tstamp 5C1AD01C)
    (at 51.3862 49.81448 180)
    (descr "Capacitor SMD 0805, hand soldering")
    (tags "capacitor 0805")
    (path /5C1626A2/5C15D7EE)
    (attr smd)
    (fp_text reference C3 (at 0 -1.75 180) (layer F.SilkS)
      (effects (font (size 1 1) (thickness 0.15)))
    )
    (fp_text value 10nF (at 0 1.75 180) (layer F.Fab)
      (effects (font (size 1 1) (thickness 0.15)))
    )
    (fp_text user %R (at 0 -1.75 180) (layer F.Fab)
      (effects (font (size 1 1) (thickness 0.15)))
    )
    (fp_line (start -1 0.62) (end -1 -0.62) (layer F.Fab) (width 0.1))
    (fp_line (start 1 0.62) (end -1 0.62) (layer F.Fab) (width 0.1))
    (fp_line (start 1 -0.62) (end 1 0.62) (layer F.Fab) (width 0.1))
    (fp_line (start -1 -0.62) (end 1 -0.62) (layer F.Fab) (width 0.1))
    (fp_line (start 0.5 -0.85) (end -0.5 -0.85) (layer F.SilkS) (width 0.12))
    (fp_line (start -0.5 0.85) (end 0.5 0.85) (layer F.SilkS) (width 0.12))
    (fp_line (start -2.25 -0.88) (end 2.25 -0.88) (layer F.CrtYd) (width 0.05))
    (fp_line (start -2.25 -0.88) (end -2.25 0.87) (layer F.CrtYd) (width 0.05))
    (fp_line (start 2.25 0.87) (end 2.25 -0.88) (layer F.CrtYd) (width 0.05))
    (fp_line (start 2.25 0.87) (end -2.25 0.87) (layer F.CrtYd) (width 0.05))
    (pad 1 smd rect (at -1.25 0 180) (size 1.5 1.25) (layers F.Cu F.Paste F.Mask)
      (net 1 /+24V))
    (pad 2 smd rect (at 1.25 0 180) (size 1.5 1.25) (layers F.Cu F.Paste F.Mask)
      (net 15 "Net-(C3-Pad2)"))
    (model Capacitors_SMD.3dshapes/C_0805.wrl
      (at (xyz 0 0 0))
      (scale (xyz 1 1 1))
      (rotate (xyz 0 0 0))
    )
  )

  (module Capacitors_SMD:C_0805_HandSoldering (layer F.Cu) (tedit 58AA84A8) (tstamp 5C1AD00B)
    (at 51.564 56.1848 180)
    (descr "Capacitor SMD 0805, hand soldering")
    (tags "capacitor 0805")
    (path /5C1626A2/5C15D7B1)
    (attr smd)
    (fp_text reference C4 (at 0 -1.75 180) (layer F.SilkS)
      (effects (font (size 1 1) (thickness 0.15)))
    )
    (fp_text value "1uF 50V" (at 0 1.75 180) (layer F.Fab)
      (effects (font (size 1 1) (thickness 0.15)))
    )
    (fp_line (start 2.25 0.87) (end -2.25 0.87) (layer F.CrtYd) (width 0.05))
    (fp_line (start 2.25 0.87) (end 2.25 -0.88) (layer F.CrtYd) (width 0.05))
    (fp_line (start -2.25 -0.88) (end -2.25 0.87) (layer F.CrtYd) (width 0.05))
    (fp_line (start -2.25 -0.88) (end 2.25 -0.88) (layer F.CrtYd) (width 0.05))
    (fp_line (start -0.5 0.85) (end 0.5 0.85) (layer F.SilkS) (width 0.12))
    (fp_line (start 0.5 -0.85) (end -0.5 -0.85) (layer F.SilkS) (width 0.12))
    (fp_line (start -1 -0.62) (end 1 -0.62) (layer F.Fab) (width 0.1))
    (fp_line (start 1 -0.62) (end 1 0.62) (layer F.Fab) (width 0.1))
    (fp_line (start 1 0.62) (end -1 0.62) (layer F.Fab) (width 0.1))
    (fp_line (start -1 0.62) (end -1 -0.62) (layer F.Fab) (width 0.1))
    (fp_text user %R (at 0 -1.75 180) (layer F.Fab)
      (effects (font (size 1 1) (thickness 0.15)))
    )
    (pad 2 smd rect (at 1.25 0 180) (size 1.5 1.25) (layers F.Cu F.Paste F.Mask)
      (net 8 /GND))
    (pad 1 smd rect (at -1.25 0 180) (size 1.5 1.25) (layers F.Cu F.Paste F.Mask)
      (net 1 /+24V))
    (model Capacitors_SMD.3dshapes/C_0805.wrl
      (at (xyz 0 0 0))
      (scale (xyz 1 1 1))
      (rotate (xyz 0 0 0))
    )
  )

  (module Capacitors_SMD:C_0805_HandSoldering (layer F.Cu) (tedit 58AA84A8) (tstamp 5C1ACFFA)
    (at 68.3862 49.81448 180)
    (descr "Capacitor SMD 0805, hand soldering")
    (tags "capacitor 0805")
    (path /5C1626A4/5C15D7EE)
    (attr smd)
    (fp_text reference C5 (at 0 -1.75 180) (layer F.SilkS)
      (effects (font (size 1 1) (thickness 0.15)))
    )
    (fp_text value 10nF (at 0 1.75 180) (layer F.Fab)
      (effects (font (size 1 1) (thickness 0.15)))
    )
    (fp_text user %R (at 0 -1.75 180) (layer F.Fab)
      (effects (font (size 1 1) (thickness 0.15)))
    )
    (fp_line (start -1 0.62) (end -1 -0.62) (layer F.Fab) (width 0.1))
    (fp_line (start 1 0.62) (end -1 0.62) (layer F.Fab) (width 0.1))
    (fp_line (start 1 -0.62) (end 1 0.62) (layer F.Fab) (width 0.1))
    (fp_line (start -1 -0.62) (end 1 -0.62) (layer F.Fab) (width 0.1))
    (fp_line (start 0.5 -0.85) (end -0.5 -0.85) (layer F.SilkS) (width 0.12))
    (fp_line (start -0.5 0.85) (end 0.5 0.85) (layer F.SilkS) (width 0.12))
    (fp_line (start -2.25 -0.88) (end 2.25 -0.88) (layer F.CrtYd) (width 0.05))
    (fp_line (start -2.25 -0.88) (end -2.25 0.87) (layer F.CrtYd) (width 0.05))
    (fp_line (start 2.25 0.87) (end 2.25 -0.88) (layer F.CrtYd) (width 0.05))
    (fp_line (start 2.25 0.87) (end -2.25 0.87) (layer F.CrtYd) (width 0.05))
    (pad 1 smd rect (at -1.25 0 180) (size 1.5 1.25) (layers F.Cu F.Paste F.Mask)
      (net 1 /+24V))
    (pad 2 smd rect (at 1.25 0 180) (size 1.5 1.25) (layers F.Cu F.Paste F.Mask)
      (net 16 "Net-(C5-Pad2)"))
    (model Capacitors_SMD.3dshapes/C_0805.wrl
      (at (xyz 0 0 0))
      (scale (xyz 1 1 1))
      (rotate (xyz 0 0 0))
    )
  )

  (module Capacitors_SMD:C_0805_HandSoldering (layer F.Cu) (tedit 58AA84A8) (tstamp 5C1ACFE9)
    (at 68.564 56.1848 180)
    (descr "Capacitor SMD 0805, hand soldering")
    (tags "capacitor 0805")
    (path /5C1626A4/5C15D7B1)
    (attr smd)
    (fp_text reference C6 (at 0 -1.75 180) (layer F.SilkS)
      (effects (font (size 1 1) (thickness 0.15)))
    )
    (fp_text value "1uF 50V" (at 0 1.75 180) (layer F.Fab)
      (effects (font (size 1 1) (thickness 0.15)))
    )
    (fp_line (start 2.25 0.87) (end -2.25 0.87) (layer F.CrtYd) (width 0.05))
    (fp_line (start 2.25 0.87) (end 2.25 -0.88) (layer F.CrtYd) (width 0.05))
    (fp_line (start -2.25 -0.88) (end -2.25 0.87) (layer F.CrtYd) (width 0.05))
    (fp_line (start -2.25 -0.88) (end 2.25 -0.88) (layer F.CrtYd) (width 0.05))
    (fp_line (start -0.5 0.85) (end 0.5 0.85) (layer F.SilkS) (width 0.12))
    (fp_line (start 0.5 -0.85) (end -0.5 -0.85) (layer F.SilkS) (width 0.12))
    (fp_line (start -1 -0.62) (end 1 -0.62) (layer F.Fab) (width 0.1))
    (fp_line (start 1 -0.62) (end 1 0.62) (layer F.Fab) (width 0.1))
    (fp_line (start 1 0.62) (end -1 0.62) (layer F.Fab) (width 0.1))
    (fp_line (start -1 0.62) (end -1 -0.62) (layer F.Fab) (width 0.1))
    (fp_text user %R (at 0 -1.75 180) (layer F.Fab)
      (effects (font (size 1 1) (thickness 0.15)))
    )
    (pad 2 smd rect (at 1.25 0 180) (size 1.5 1.25) (layers F.Cu F.Paste F.Mask)
      (net 8 /GND))
    (pad 1 smd rect (at -1.25 0 180) (size 1.5 1.25) (layers F.Cu F.Paste F.Mask)
      (net 1 /+24V))
    (model Capacitors_SMD.3dshapes/C_0805.wrl
      (at (xyz 0 0 0))
      (scale (xyz 1 1 1))
      (rotate (xyz 0 0 0))
    )
  )

  (module Capacitors_SMD:C_0805_HandSoldering (layer F.Cu) (tedit 58AA84A8) (tstamp 5C1ACFD8)
    (at 85.3862 49.81448 180)
    (descr "Capacitor SMD 0805, hand soldering")
    (tags "capacitor 0805")
    (path /5C1626A6/5C15D7EE)
    (attr smd)
    (fp_text reference C7 (at 0 -1.75 180) (layer F.SilkS)
      (effects (font (size 1 1) (thickness 0.15)))
    )
    (fp_text value 10nF (at 0 1.75 180) (layer F.Fab)
      (effects (font (size 1 1) (thickness 0.15)))
    )
    (fp_text user %R (at 0 -1.75 180) (layer F.Fab)
      (effects (font (size 1 1) (thickness 0.15)))
    )
    (fp_line (start -1 0.62) (end -1 -0.62) (layer F.Fab) (width 0.1))
    (fp_line (start 1 0.62) (end -1 0.62) (layer F.Fab) (width 0.1))
    (fp_line (start 1 -0.62) (end 1 0.62) (layer F.Fab) (width 0.1))
    (fp_line (start -1 -0.62) (end 1 -0.62) (layer F.Fab) (width 0.1))
    (fp_line (start 0.5 -0.85) (end -0.5 -0.85) (layer F.SilkS) (width 0.12))
    (fp_line (start -0.5 0.85) (end 0.5 0.85) (layer F.SilkS) (width 0.12))
    (fp_line (start -2.25 -0.88) (end 2.25 -0.88) (layer F.CrtYd) (width 0.05))
    (fp_line (start -2.25 -0.88) (end -2.25 0.87) (layer F.CrtYd) (width 0.05))
    (fp_line (start 2.25 0.87) (end 2.25 -0.88) (layer F.CrtYd) (width 0.05))
    (fp_line (start 2.25 0.87) (end -2.25 0.87) (layer F.CrtYd) (width 0.05))
    (pad 1 smd rect (at -1.25 0 180) (size 1.5 1.25) (layers F.Cu F.Paste F.Mask)
      (net 1 /+24V))
    (pad 2 smd rect (at 1.25 0 180) (size 1.5 1.25) (layers F.Cu F.Paste F.Mask)
      (net 17 "Net-(C7-Pad2)"))
    (model Capacitors_SMD.3dshapes/C_0805.wrl
      (at (xyz 0 0 0))
      (scale (xyz 1 1 1))
      (rotate (xyz 0 0 0))
    )
  )

  (module Capacitors_SMD:C_0805_HandSoldering (layer F.Cu) (tedit 58AA84A8) (tstamp 5C1ACFC7)
    (at 85.564 56.1848 180)
    (descr "Capacitor SMD 0805, hand soldering")
    (tags "capacitor 0805")
    (path /5C1626A6/5C15D7B1)
    (attr smd)
    (fp_text reference C8 (at 0 -1.75 180) (layer F.SilkS)
      (effects (font (size 1 1) (thickness 0.15)))
    )
    (fp_text value "1uF 50V" (at 0 1.75 180) (layer F.Fab)
      (effects (font (size 1 1) (thickness 0.15)))
    )
    (fp_line (start 2.25 0.87) (end -2.25 0.87) (layer F.CrtYd) (width 0.05))
    (fp_line (start 2.25 0.87) (end 2.25 -0.88) (layer F.CrtYd) (width 0.05))
    (fp_line (start -2.25 -0.88) (end -2.25 0.87) (layer F.CrtYd) (width 0.05))
    (fp_line (start -2.25 -0.88) (end 2.25 -0.88) (layer F.CrtYd) (width 0.05))
    (fp_line (start -0.5 0.85) (end 0.5 0.85) (layer F.SilkS) (width 0.12))
    (fp_line (start 0.5 -0.85) (end -0.5 -0.85) (layer F.SilkS) (width 0.12))
    (fp_line (start -1 -0.62) (end 1 -0.62) (layer F.Fab) (width 0.1))
    (fp_line (start 1 -0.62) (end 1 0.62) (layer F.Fab) (width 0.1))
    (fp_line (start 1 0.62) (end -1 0.62) (layer F.Fab) (width 0.1))
    (fp_line (start -1 0.62) (end -1 -0.62) (layer F.Fab) (width 0.1))
    (fp_text user %R (at 0 -1.75 180) (layer F.Fab)
      (effects (font (size 1 1) (thickness 0.15)))
    )
    (pad 2 smd rect (at 1.25 0 180) (size 1.5 1.25) (layers F.Cu F.Paste F.Mask)
      (net 8 /GND))
    (pad 1 smd rect (at -1.25 0 180) (size 1.5 1.25) (layers F.Cu F.Paste F.Mask)
      (net 1 /+24V))
    (model Capacitors_SMD.3dshapes/C_0805.wrl
      (at (xyz 0 0 0))
      (scale (xyz 1 1 1))
      (rotate (xyz 0 0 0))
    )
  )

  (module Capacitors_SMD:C_0805_HandSoldering (layer F.Cu) (tedit 58AA84A8) (tstamp 5C1ACFB6)
    (at 102.3862 49.81448 180)
    (descr "Capacitor SMD 0805, hand soldering")
    (tags "capacitor 0805")
    (path /5C1626A8/5C15D7EE)
    (attr smd)
    (fp_text reference C9 (at 0 -1.75 180) (layer F.SilkS)
      (effects (font (size 1 1) (thickness 0.15)))
    )
    (fp_text value 10nF (at 0 1.75 180) (layer F.Fab)
      (effects (font (size 1 1) (thickness 0.15)))
    )
    (fp_text user %R (at 0 -1.75 180) (layer F.Fab)
      (effects (font (size 1 1) (thickness 0.15)))
    )
    (fp_line (start -1 0.62) (end -1 -0.62) (layer F.Fab) (width 0.1))
    (fp_line (start 1 0.62) (end -1 0.62) (layer F.Fab) (width 0.1))
    (fp_line (start 1 -0.62) (end 1 0.62) (layer F.Fab) (width 0.1))
    (fp_line (start -1 -0.62) (end 1 -0.62) (layer F.Fab) (width 0.1))
    (fp_line (start 0.5 -0.85) (end -0.5 -0.85) (layer F.SilkS) (width 0.12))
    (fp_line (start -0.5 0.85) (end 0.5 0.85) (layer F.SilkS) (width 0.12))
    (fp_line (start -2.25 -0.88) (end 2.25 -0.88) (layer F.CrtYd) (width 0.05))
    (fp_line (start -2.25 -0.88) (end -2.25 0.87) (layer F.CrtYd) (width 0.05))
    (fp_line (start 2.25 0.87) (end 2.25 -0.88) (layer F.CrtYd) (width 0.05))
    (fp_line (start 2.25 0.87) (end -2.25 0.87) (layer F.CrtYd) (width 0.05))
    (pad 1 smd rect (at -1.25 0 180) (size 1.5 1.25) (layers F.Cu F.Paste F.Mask)
      (net 1 /+24V))
    (pad 2 smd rect (at 1.25 0 180) (size 1.5 1.25) (layers F.Cu F.Paste F.Mask)
      (net 18 "Net-(C9-Pad2)"))
    (model Capacitors_SMD.3dshapes/C_0805.wrl
      (at (xyz 0 0 0))
      (scale (xyz 1 1 1))
      (rotate (xyz 0 0 0))
    )
  )

  (module Capacitors_SMD:C_0805_HandSoldering (layer F.Cu) (tedit 58AA84A8) (tstamp 5C1ACFA5)
    (at 102.564 56.1848 180)
    (descr "Capacitor SMD 0805, hand soldering")
    (tags "capacitor 0805")
    (path /5C1626A8/5C15D7B1)
    (attr smd)
    (fp_text reference C10 (at 0 -1.75 180) (layer F.SilkS)
      (effects (font (size 1 1) (thickness 0.15)))
    )
    (fp_text value "1uF 50V" (at 0 1.75 180) (layer F.Fab)
      (effects (font (size 1 1) (thickness 0.15)))
    )
    (fp_line (start 2.25 0.87) (end -2.25 0.87) (layer F.CrtYd) (width 0.05))
    (fp_line (start 2.25 0.87) (end 2.25 -0.88) (layer F.CrtYd) (width 0.05))
    (fp_line (start -2.25 -0.88) (end -2.25 0.87) (layer F.CrtYd) (width 0.05))
    (fp_line (start -2.25 -0.88) (end 2.25 -0.88) (layer F.CrtYd) (width 0.05))
    (fp_line (start -0.5 0.85) (end 0.5 0.85) (layer F.SilkS) (width 0.12))
    (fp_line (start 0.5 -0.85) (end -0.5 -0.85) (layer F.SilkS) (width 0.12))
    (fp_line (start -1 -0.62) (end 1 -0.62) (layer F.Fab) (width 0.1))
    (fp_line (start 1 -0.62) (end 1 0.62) (layer F.Fab) (width 0.1))
    (fp_line (start 1 0.62) (end -1 0.62) (layer F.Fab) (width 0.1))
    (fp_line (start -1 0.62) (end -1 -0.62) (layer F.Fab) (width 0.1))
    (fp_text user %R (at 0 -1.75 180) (layer F.Fab)
      (effects (font (size 1 1) (thickness 0.15)))
    )
    (pad 2 smd rect (at 1.25 0 180) (size 1.5 1.25) (layers F.Cu F.Paste F.Mask)
      (net 8 /GND))
    (pad 1 smd rect (at -1.25 0 180) (size 1.5 1.25) (layers F.Cu F.Paste F.Mask)
      (net 1 /+24V))
    (model Capacitors_SMD.3dshapes/C_0805.wrl
      (at (xyz 0 0 0))
      (scale (xyz 1 1 1))
      (rotate (xyz 0 0 0))
    )
  )

  (module Diodes_THT:D_DO-41_SOD81_P5.08mm_Vertical_AnodeUp (layer F.Cu) (tedit 5921392F) (tstamp 5C1ACF74)
    (at 105.59708 31.46552 180)
    (descr "D, DO-41_SOD81 series, Axial, Vertical, pin pitch=5.08mm, , length*diameter=5.2*2.7mm^2, , http://www.diodes.com/_files/packages/DO-41%20(Plastic).pdf")
    (tags "D DO-41_SOD81 series Axial Vertical pin pitch 5.08mm  length 5.2mm diameter 2.7mm")
    (path /5C1626A8/5C15D7CF)
    (fp_text reference D15 (at 2.54 -2.690635 180) (layer F.SilkS)
      (effects (font (size 1 1) (thickness 0.15)))
    )
    (fp_text value UF4007 (at 2.54 2.690635 180) (layer F.Fab)
      (effects (font (size 1 1) (thickness 0.15)))
    )
    (fp_text user K (at -2.390635 0 180) (layer F.Fab)
      (effects (font (size 1 1) (thickness 0.15)))
    )
    (fp_text user %R (at 2.54 0 180) (layer F.Fab)
      (effects (font (size 1 1) (thickness 0.15)))
    )
    (fp_line (start 0 0) (end 5.08 0) (layer F.Fab) (width 0.1))
    (fp_line (start 1.690635 0) (end 3.68 0) (layer F.SilkS) (width 0.12))
    (fp_line (start 1.947333 -0.889) (end 1.947333 0.889) (layer F.SilkS) (width 0.12))
    (fp_line (start 1.947333 0) (end 3.132667 -0.889) (layer F.SilkS) (width 0.12))
    (fp_line (start 3.132667 -0.889) (end 3.132667 0.889) (layer F.SilkS) (width 0.12))
    (fp_line (start 3.132667 0.889) (end 1.947333 0) (layer F.SilkS) (width 0.12))
    (fp_line (start -1.7 -1.95) (end -1.7 1.95) (layer F.CrtYd) (width 0.05))
    (fp_line (start -1.7 1.95) (end 6.5 1.95) (layer F.CrtYd) (width 0.05))
    (fp_line (start 6.5 1.95) (end 6.5 -1.95) (layer F.CrtYd) (width 0.05))
    (fp_line (start 6.5 -1.95) (end -1.7 -1.95) (layer F.CrtYd) (width 0.05))
    (fp_circle (center 0 0) (end 1.35 0) (layer F.Fab) (width 0.1))
    (fp_circle (center 0 0) (end 1.690635 0) (layer F.SilkS) (width 0.12))
    (pad 1 thru_hole rect (at 0 0 180) (size 2.2 2.2) (drill 1.1) (layers *.Cu *.Mask)
      (net 13 /Out5))
    (pad 2 thru_hole oval (at 5.08 0 180) (size 2.2 2.2) (drill 1.1) (layers *.Cu *.Mask)
      (net 8 /GND))
    (model ${KISYS3DMOD}/Diodes_THT.3dshapes/D_DO-41_SOD81_P5.08mm_Vertical_AnodeUp.wrl
      (at (xyz 0 0 0))
      (scale (xyz 0.393701 0.393701 0.393701))
      (rotate (xyz 0 0 0))
    )
  )

  (module Diodes_THT:D_DO-41_SOD81_P5.08mm_Vertical_AnodeUp (layer F.Cu) (tedit 5921392F) (tstamp 5C1ACF60)
    (at 99.84144 43.942)
    (descr "D, DO-41_SOD81 series, Axial, Vertical, pin pitch=5.08mm, , length*diameter=5.2*2.7mm^2, , http://www.diodes.com/_files/packages/DO-41%20(Plastic).pdf")
    (tags "D DO-41_SOD81 series Axial Vertical pin pitch 5.08mm  length 5.2mm diameter 2.7mm")
    (path /5C1626A8/5C15D7E7)
    (fp_text reference D13 (at 2.54 -2.690635) (layer F.SilkS)
      (effects (font (size 1 1) (thickness 0.15)))
    )
    (fp_text value BZX85_C12 (at 2.54 2.690635) (layer F.Fab)
      (effects (font (size 1 1) (thickness 0.15)))
    )
    (fp_circle (center 0 0) (end 1.690635 0) (layer F.SilkS) (width 0.12))
    (fp_circle (center 0 0) (end 1.35 0) (layer F.Fab) (width 0.1))
    (fp_line (start 6.5 -1.95) (end -1.7 -1.95) (layer F.CrtYd) (width 0.05))
    (fp_line (start 6.5 1.95) (end 6.5 -1.95) (layer F.CrtYd) (width 0.05))
    (fp_line (start -1.7 1.95) (end 6.5 1.95) (layer F.CrtYd) (width 0.05))
    (fp_line (start -1.7 -1.95) (end -1.7 1.95) (layer F.CrtYd) (width 0.05))
    (fp_line (start 3.132667 0.889) (end 1.947333 0) (layer F.SilkS) (width 0.12))
    (fp_line (start 3.132667 -0.889) (end 3.132667 0.889) (layer F.SilkS) (width 0.12))
    (fp_line (start 1.947333 0) (end 3.132667 -0.889) (layer F.SilkS) (width 0.12))
    (fp_line (start 1.947333 -0.889) (end 1.947333 0.889) (layer F.SilkS) (width 0.12))
    (fp_line (start 1.690635 0) (end 3.68 0) (layer F.SilkS) (width 0.12))
    (fp_line (start 0 0) (end 5.08 0) (layer F.Fab) (width 0.1))
    (fp_text user %R (at -2.390635 0) (layer F.Fab)
      (effects (font (size 1 1) (thickness 0.15)))
    )
    (fp_text user K (at 2.54 0) (layer F.Fab)
      (effects (font (size 1 1) (thickness 0.15)))
    )
    (pad 2 thru_hole oval (at 5.08 0) (size 2.2 2.2) (drill 1.1) (layers *.Cu *.Mask)
      (net 1 /+24V))
    (pad 1 thru_hole rect (at 0 0) (size 2.2 2.2) (drill 1.1) (layers *.Cu *.Mask)
      (net 18 "Net-(C9-Pad2)"))
    (model ${KISYS3DMOD}/Diodes_THT.3dshapes/D_DO-41_SOD81_P5.08mm_Vertical_AnodeUp.wrl
      (at (xyz 0 0 0))
      (scale (xyz 0.393701 0.393701 0.393701))
      (rotate (xyz 0 0 0))
    )
  )

  (module Diodes_THT:D_DO-41_SOD81_P5.08mm_Vertical_AnodeUp (layer F.Cu) (tedit 5921392F) (tstamp 5C1ACF00)
    (at 48.84144 43.942)
    (descr "D, DO-41_SOD81 series, Axial, Vertical, pin pitch=5.08mm, , length*diameter=5.2*2.7mm^2, , http://www.diodes.com/_files/packages/DO-41%20(Plastic).pdf")
    (tags "D DO-41_SOD81 series Axial Vertical pin pitch 5.08mm  length 5.2mm diameter 2.7mm")
    (path /5C1626A2/5C15D7E7)
    (fp_text reference D4 (at 2.54 -2.690635) (layer F.SilkS)
      (effects (font (size 1 1) (thickness 0.15)))
    )
    (fp_text value BZX85_C12 (at 2.54 2.690635) (layer F.Fab)
      (effects (font (size 1 1) (thickness 0.15)))
    )
    (fp_text user K (at -2.390635 0) (layer F.Fab)
      (effects (font (size 1 1) (thickness 0.15)))
    )
    (fp_text user %R (at 2.54 0) (layer F.Fab)
      (effects (font (size 1 1) (thickness 0.15)))
    )
    (fp_line (start 0 0) (end 5.08 0) (layer F.Fab) (width 0.1))
    (fp_line (start 1.690635 0) (end 3.68 0) (layer F.SilkS) (width 0.12))
    (fp_line (start 1.947333 -0.889) (end 1.947333 0.889) (layer F.SilkS) (width 0.12))
    (fp_line (start 1.947333 0) (end 3.132667 -0.889) (layer F.SilkS) (width 0.12))
    (fp_line (start 3.132667 -0.889) (end 3.132667 0.889) (layer F.SilkS) (width 0.12))
    (fp_line (start 3.132667 0.889) (end 1.947333 0) (layer F.SilkS) (width 0.12))
    (fp_line (start -1.7 -1.95) (end -1.7 1.95) (layer F.CrtYd) (width 0.05))
    (fp_line (start -1.7 1.95) (end 6.5 1.95) (layer F.CrtYd) (width 0.05))
    (fp_line (start 6.5 1.95) (end 6.5 -1.95) (layer F.CrtYd) (width 0.05))
    (fp_line (start 6.5 -1.95) (end -1.7 -1.95) (layer F.CrtYd) (width 0.05))
    (fp_circle (center 0 0) (end 1.35 0) (layer F.Fab) (width 0.1))
    (fp_circle (center 0 0) (end 1.690635 0) (layer F.SilkS) (width 0.12))
    (pad 1 thru_hole rect (at 0 0) (size 2.2 2.2) (drill 1.1) (layers *.Cu *.Mask)
      (net 15 "Net-(C3-Pad2)"))
    (pad 2 thru_hole oval (at 5.08 0) (size 2.2 2.2) (drill 1.1) (layers *.Cu *.Mask)
      (net 1 /+24V))
    (model ${KISYS3DMOD}/Diodes_THT.3dshapes/D_DO-41_SOD81_P5.08mm_Vertical_AnodeUp.wrl
      (at (xyz 0 0 0))
      (scale (xyz 0.393701 0.393701 0.393701))
      (rotate (xyz 0 0 0))
    )
  )

  (module Diodes_THT:D_DO-41_SOD81_P5.08mm_Vertical_AnodeUp (layer F.Cu) (tedit 5921392F) (tstamp 5C1ACEEC)
    (at 54.59708 31.46552 180)
    (descr "D, DO-41_SOD81 series, Axial, Vertical, pin pitch=5.08mm, , length*diameter=5.2*2.7mm^2, , http://www.diodes.com/_files/packages/DO-41%20(Plastic).pdf")
    (tags "D DO-41_SOD81 series Axial Vertical pin pitch 5.08mm  length 5.2mm diameter 2.7mm")
    (path /5C1626A2/5C15D7CF)
    (fp_text reference D6 (at 2.54 -2.690635 180) (layer F.SilkS)
      (effects (font (size 1 1) (thickness 0.15)))
    )
    (fp_text value UF4007 (at 2.54 2.690635 180) (layer F.Fab)
      (effects (font (size 1 1) (thickness 0.15)))
    )
    (fp_circle (center 0 0) (end 1.690635 0) (layer F.SilkS) (width 0.12))
    (fp_circle (center 0 0) (end 1.35 0) (layer F.Fab) (width 0.1))
    (fp_line (start 6.5 -1.95) (end -1.7 -1.95) (layer F.CrtYd) (width 0.05))
    (fp_line (start 6.5 1.95) (end 6.5 -1.95) (layer F.CrtYd) (width 0.05))
    (fp_line (start -1.7 1.95) (end 6.5 1.95) (layer F.CrtYd) (width 0.05))
    (fp_line (start -1.7 -1.95) (end -1.7 1.95) (layer F.CrtYd) (width 0.05))
    (fp_line (start 3.132667 0.889) (end 1.947333 0) (layer F.SilkS) (width 0.12))
    (fp_line (start 3.132667 -0.889) (end 3.132667 0.889) (layer F.SilkS) (width 0.12))
    (fp_line (start 1.947333 0) (end 3.132667 -0.889) (layer F.SilkS) (width 0.12))
    (fp_line (start 1.947333 -0.889) (end 1.947333 0.889) (layer F.SilkS) (width 0.12))
    (fp_line (start 1.690635 0) (end 3.68 0) (layer F.SilkS) (width 0.12))
    (fp_line (start 0 0) (end 5.08 0) (layer F.Fab) (width 0.1))
    (fp_text user %R (at -2.390635 0 180) (layer F.Fab)
      (effects (font (size 1 1) (thickness 0.15)))
    )
    (fp_text user K (at 2.54 0 180) (layer F.Fab)
      (effects (font (size 1 1) (thickness 0.15)))
    )
    (pad 2 thru_hole oval (at 5.08 0 180) (size 2.2 2.2) (drill 1.1) (layers *.Cu *.Mask)
      (net 8 /GND))
    (pad 1 thru_hole rect (at 0 0 180) (size 2.2 2.2) (drill 1.1) (layers *.Cu *.Mask)
      (net 11 /Out2))
    (model ${KISYS3DMOD}/Diodes_THT.3dshapes/D_DO-41_SOD81_P5.08mm_Vertical_AnodeUp.wrl
      (at (xyz 0 0 0))
      (scale (xyz 0.393701 0.393701 0.393701))
      (rotate (xyz 0 0 0))
    )
  )

  (module Diodes_THT:D_DO-41_SOD81_P5.08mm_Vertical_AnodeUp (layer F.Cu) (tedit 5921392F) (tstamp 5C1ACED8)
    (at 65.84144 43.942)
    (descr "D, DO-41_SOD81 series, Axial, Vertical, pin pitch=5.08mm, , length*diameter=5.2*2.7mm^2, , http://www.diodes.com/_files/packages/DO-41%20(Plastic).pdf")
    (tags "D DO-41_SOD81 series Axial Vertical pin pitch 5.08mm  length 5.2mm diameter 2.7mm")
    (path /5C1626A4/5C15D7E7)
    (fp_text reference D7 (at 2.54 -2.690635) (layer F.SilkS)
      (effects (font (size 1 1) (thickness 0.15)))
    )
    (fp_text value BZX85_C12 (at 2.54 2.690635) (layer F.Fab)
      (effects (font (size 1 1) (thickness 0.15)))
    )
    (fp_text user K (at -2.390635 0) (layer F.Fab)
      (effects (font (size 1 1) (thickness 0.15)))
    )
    (fp_text user %R (at 2.54 0) (layer F.Fab)
      (effects (font (size 1 1) (thickness 0.15)))
    )
    (fp_line (start 0 0) (end 5.08 0) (layer F.Fab) (width 0.1))
    (fp_line (start 1.690635 0) (end 3.68 0) (layer F.SilkS) (width 0.12))
    (fp_line (start 1.947333 -0.889) (end 1.947333 0.889) (layer F.SilkS) (width 0.12))
    (fp_line (start 1.947333 0) (end 3.132667 -0.889) (layer F.SilkS) (width 0.12))
    (fp_line (start 3.132667 -0.889) (end 3.132667 0.889) (layer F.SilkS) (width 0.12))
    (fp_line (start 3.132667 0.889) (end 1.947333 0) (layer F.SilkS) (width 0.12))
    (fp_line (start -1.7 -1.95) (end -1.7 1.95) (layer F.CrtYd) (width 0.05))
    (fp_line (start -1.7 1.95) (end 6.5 1.95) (layer F.CrtYd) (width 0.05))
    (fp_line (start 6.5 1.95) (end 6.5 -1.95) (layer F.CrtYd) (width 0.05))
    (fp_line (start 6.5 -1.95) (end -1.7 -1.95) (layer F.CrtYd) (width 0.05))
    (fp_circle (center 0 0) (end 1.35 0) (layer F.Fab) (width 0.1))
    (fp_circle (center 0 0) (end 1.690635 0) (layer F.SilkS) (width 0.12))
    (pad 1 thru_hole rect (at 0 0) (size 2.2 2.2) (drill 1.1) (layers *.Cu *.Mask)
      (net 16 "Net-(C5-Pad2)"))
    (pad 2 thru_hole oval (at 5.08 0) (size 2.2 2.2) (drill 1.1) (layers *.Cu *.Mask)
      (net 1 /+24V))
    (model ${KISYS3DMOD}/Diodes_THT.3dshapes/D_DO-41_SOD81_P5.08mm_Vertical_AnodeUp.wrl
      (at (xyz 0 0 0))
      (scale (xyz 0.393701 0.393701 0.393701))
      (rotate (xyz 0 0 0))
    )
  )

  (module Diodes_THT:D_DO-41_SOD81_P5.08mm_Vertical_AnodeUp (layer F.Cu) (tedit 5921392F) (tstamp 5C1ACEC4)
    (at 71.59708 31.46552 180)
    (descr "D, DO-41_SOD81 series, Axial, Vertical, pin pitch=5.08mm, , length*diameter=5.2*2.7mm^2, , http://www.diodes.com/_files/packages/DO-41%20(Plastic).pdf")
    (tags "D DO-41_SOD81 series Axial Vertical pin pitch 5.08mm  length 5.2mm diameter 2.7mm")
    (path /5C1626A4/5C15D7CF)
    (fp_text reference D9 (at 2.54 -2.690635 180) (layer F.SilkS)
      (effects (font (size 1 1) (thickness 0.15)))
    )
    (fp_text value UF4007 (at 2.54 2.690635 180) (layer F.Fab)
      (effects (font (size 1 1) (thickness 0.15)))
    )
    (fp_circle (center 0 0) (end 1.690635 0) (layer F.SilkS) (width 0.12))
    (fp_circle (center 0 0) (end 1.35 0) (layer F.Fab) (width 0.1))
    (fp_line (start 6.5 -1.95) (end -1.7 -1.95) (layer F.CrtYd) (width 0.05))
    (fp_line (start 6.5 1.95) (end 6.5 -1.95) (layer F.CrtYd) (width 0.05))
    (fp_line (start -1.7 1.95) (end 6.5 1.95) (layer F.CrtYd) (width 0.05))
    (fp_line (start -1.7 -1.95) (end -1.7 1.95) (layer F.CrtYd) (width 0.05))
    (fp_line (start 3.132667 0.889) (end 1.947333 0) (layer F.SilkS) (width 0.12))
    (fp_line (start 3.132667 -0.889) (end 3.132667 0.889) (layer F.SilkS) (width 0.12))
    (fp_line (start 1.947333 0) (end 3.132667 -0.889) (layer F.SilkS) (width 0.12))
    (fp_line (start 1.947333 -0.889) (end 1.947333 0.889) (layer F.SilkS) (width 0.12))
    (fp_line (start 1.690635 0) (end 3.68 0) (layer F.SilkS) (width 0.12))
    (fp_line (start 0 0) (end 5.08 0) (layer F.Fab) (width 0.1))
    (fp_text user %R (at -2.390635 0 180) (layer F.Fab)
      (effects (font (size 1 1) (thickness 0.15)))
    )
    (fp_text user K (at 2.54 0 180) (layer F.Fab)
      (effects (font (size 1 1) (thickness 0.15)))
    )
    (pad 2 thru_hole oval (at 5.08 0 180) (size 2.2 2.2) (drill 1.1) (layers *.Cu *.Mask)
      (net 8 /GND))
    (pad 1 thru_hole rect (at 0 0 180) (size 2.2 2.2) (drill 1.1) (layers *.Cu *.Mask)
      (net 12 /Out3))
    (model ${KISYS3DMOD}/Diodes_THT.3dshapes/D_DO-41_SOD81_P5.08mm_Vertical_AnodeUp.wrl
      (at (xyz 0 0 0))
      (scale (xyz 0.393701 0.393701 0.393701))
      (rotate (xyz 0 0 0))
    )
  )

  (module Diodes_THT:D_DO-41_SOD81_P5.08mm_Vertical_AnodeUp (layer F.Cu) (tedit 5921392F) (tstamp 5C1ACEB0)
    (at 82.84144 43.942)
    (descr "D, DO-41_SOD81 series, Axial, Vertical, pin pitch=5.08mm, , length*diameter=5.2*2.7mm^2, , http://www.diodes.com/_files/packages/DO-41%20(Plastic).pdf")
    (tags "D DO-41_SOD81 series Axial Vertical pin pitch 5.08mm  length 5.2mm diameter 2.7mm")
    (path /5C1626A6/5C15D7E7)
    (fp_text reference D10 (at 2.54 -2.690635) (layer F.SilkS)
      (effects (font (size 1 1) (thickness 0.15)))
    )
    (fp_text value BZX85_C12 (at 2.54 2.690635) (layer F.Fab)
      (effects (font (size 1 1) (thickness 0.15)))
    )
    (fp_text user K (at -2.390635 0) (layer F.Fab)
      (effects (font (size 1 1) (thickness 0.15)))
    )
    (fp_text user %R (at 2.54 0) (layer F.Fab)
      (effects (font (size 1 1) (thickness 0.15)))
    )
    (fp_line (start 0 0) (end 5.08 0) (layer F.Fab) (width 0.1))
    (fp_line (start 1.690635 0) (end 3.68 0) (layer F.SilkS) (width 0.12))
    (fp_line (start 1.947333 -0.889) (end 1.947333 0.889) (layer F.SilkS) (width 0.12))
    (fp_line (start 1.947333 0) (end 3.132667 -0.889) (layer F.SilkS) (width 0.12))
    (fp_line (start 3.132667 -0.889) (end 3.132667 0.889) (layer F.SilkS) (width 0.12))
    (fp_line (start 3.132667 0.889) (end 1.947333 0) (layer F.SilkS) (width 0.12))
    (fp_line (start -1.7 -1.95) (end -1.7 1.95) (layer F.CrtYd) (width 0.05))
    (fp_line (start -1.7 1.95) (end 6.5 1.95) (layer F.CrtYd) (width 0.05))
    (fp_line (start 6.5 1.95) (end 6.5 -1.95) (layer F.CrtYd) (width 0.05))
    (fp_line (start 6.5 -1.95) (end -1.7 -1.95) (layer F.CrtYd) (width 0.05))
    (fp_circle (center 0 0) (end 1.35 0) (layer F.Fab) (width 0.1))
    (fp_circle (center 0 0) (end 1.690635 0) (layer F.SilkS) (width 0.12))
    (pad 1 thru_hole rect (at 0 0) (size 2.2 2.2) (drill 1.1) (layers *.Cu *.Mask)
      (net 17 "Net-(C7-Pad2)"))
    (pad 2 thru_hole oval (at 5.08 0) (size 2.2 2.2) (drill 1.1) (layers *.Cu *.Mask)
      (net 1 /+24V))
    (model ${KISYS3DMOD}/Diodes_THT.3dshapes/D_DO-41_SOD81_P5.08mm_Vertical_AnodeUp.wrl
      (at (xyz 0 0 0))
      (scale (xyz 0.393701 0.393701 0.393701))
      (rotate (xyz 0 0 0))
    )
  )

  (module Diodes_THT:D_DO-41_SOD81_P5.08mm_Vertical_AnodeUp (layer F.Cu) (tedit 5921392F) (tstamp 5C1ACE9C)
    (at 88.59708 31.46552 180)
    (descr "D, DO-41_SOD81 series, Axial, Vertical, pin pitch=5.08mm, , length*diameter=5.2*2.7mm^2, , http://www.diodes.com/_files/packages/DO-41%20(Plastic).pdf")
    (tags "D DO-41_SOD81 series Axial Vertical pin pitch 5.08mm  length 5.2mm diameter 2.7mm")
    (path /5C1626A6/5C15D7CF)
    (fp_text reference D12 (at 2.54 -2.690635 180) (layer F.SilkS)
      (effects (font (size 1 1) (thickness 0.15)))
    )
    (fp_text value UF4007 (at 2.54 2.690635 180) (layer F.Fab)
      (effects (font (size 1 1) (thickness 0.15)))
    )
    (fp_circle (center 0 0) (end 1.690635 0) (layer F.SilkS) (width 0.12))
    (fp_circle (center 0 0) (end 1.35 0) (layer F.Fab) (width 0.1))
    (fp_line (start 6.5 -1.95) (end -1.7 -1.95) (layer F.CrtYd) (width 0.05))
    (fp_line (start 6.5 1.95) (end 6.5 -1.95) (layer F.CrtYd) (width 0.05))
    (fp_line (start -1.7 1.95) (end 6.5 1.95) (layer F.CrtYd) (width 0.05))
    (fp_line (start -1.7 -1.95) (end -1.7 1.95) (layer F.CrtYd) (width 0.05))
    (fp_line (start 3.132667 0.889) (end 1.947333 0) (layer F.SilkS) (width 0.12))
    (fp_line (start 3.132667 -0.889) (end 3.132667 0.889) (layer F.SilkS) (width 0.12))
    (fp_line (start 1.947333 0) (end 3.132667 -0.889) (layer F.SilkS) (width 0.12))
    (fp_line (start 1.947333 -0.889) (end 1.947333 0.889) (layer F.SilkS) (width 0.12))
    (fp_line (start 1.690635 0) (end 3.68 0) (layer F.SilkS) (width 0.12))
    (fp_line (start 0 0) (end 5.08 0) (layer F.Fab) (width 0.1))
    (fp_text user %R (at -2.390635 0 180) (layer F.Fab)
      (effects (font (size 1 1) (thickness 0.15)))
    )
    (fp_text user K (at 2.54 0 180) (layer F.Fab)
      (effects (font (size 1 1) (thickness 0.15)))
    )
    (pad 2 thru_hole oval (at 5.08 0 180) (size 2.2 2.2) (drill 1.1) (layers *.Cu *.Mask)
      (net 8 /GND))
    (pad 1 thru_hole rect (at 0 0 180) (size 2.2 2.2) (drill 1.1) (layers *.Cu *.Mask)
      (net 9 /Out4))
    (model ${KISYS3DMOD}/Diodes_THT.3dshapes/D_DO-41_SOD81_P5.08mm_Vertical_AnodeUp.wrl
      (at (xyz 0 0 0))
      (scale (xyz 0.393701 0.393701 0.393701))
      (rotate (xyz 0 0 0))
    )
  )

  (module LEDs:LED_0805_HandSoldering (layer F.Cu) (tedit 595FCA25) (tstamp 5C1ACE88)
    (at 61.38628 44.55668 270)
    (descr "Resistor SMD 0805, hand soldering")
    (tags "resistor 0805")
    (path /5C1626A4/5C15D7C7)
    (attr smd)
    (fp_text reference D8 (at 0 -1.7 270) (layer F.SilkS)
      (effects (font (size 1 1) (thickness 0.15)))
    )
    (fp_text value green (at 0 1.75 270) (layer F.Fab)
      (effects (font (size 1 1) (thickness 0.15)))
    )
    (fp_line (start -0.4 -0.4) (end -0.4 0.4) (layer F.Fab) (width 0.1))
    (fp_line (start -0.4 0) (end 0.2 -0.4) (layer F.Fab) (width 0.1))
    (fp_line (start 0.2 0.4) (end -0.4 0) (layer F.Fab) (width 0.1))
    (fp_line (start 0.2 -0.4) (end 0.2 0.4) (layer F.Fab) (width 0.1))
    (fp_line (start -1 0.62) (end -1 -0.62) (layer F.Fab) (width 0.1))
    (fp_line (start 1 0.62) (end -1 0.62) (layer F.Fab) (width 0.1))
    (fp_line (start 1 -0.62) (end 1 0.62) (layer F.Fab) (width 0.1))
    (fp_line (start -1 -0.62) (end 1 -0.62) (layer F.Fab) (width 0.1))
    (fp_line (start 1 0.75) (end -2.2 0.75) (layer F.SilkS) (width 0.12))
    (fp_line (start -2.2 -0.75) (end 1 -0.75) (layer F.SilkS) (width 0.12))
    (fp_line (start -2.35 -0.9) (end 2.35 -0.9) (layer F.CrtYd) (width 0.05))
    (fp_line (start -2.35 -0.9) (end -2.35 0.9) (layer F.CrtYd) (width 0.05))
    (fp_line (start 2.35 0.9) (end 2.35 -0.9) (layer F.CrtYd) (width 0.05))
    (fp_line (start 2.35 0.9) (end -2.35 0.9) (layer F.CrtYd) (width 0.05))
    (fp_line (start -2.2 -0.75) (end -2.2 0.75) (layer F.SilkS) (width 0.12))
    (pad 1 smd rect (at -1.35 0 270) (size 1.5 1.3) (layers F.Cu F.Paste F.Mask)
      (net 20 "Net-(D8-Pad1)"))
    (pad 2 smd rect (at 1.35 0 270) (size 1.5 1.3) (layers F.Cu F.Paste F.Mask)
      (net 12 /Out3))
    (model ${KISYS3DMOD}/LEDs.3dshapes/LED_0805.wrl
      (at (xyz 0 0 0))
      (scale (xyz 1 1 1))
      (rotate (xyz 0 0 0))
    )
  )

  (module LEDs:LED_0805_HandSoldering (layer F.Cu) (tedit 595FCA25) (tstamp 5C1ACE73)
    (at 44.38628 44.55668 270)
    (descr "Resistor SMD 0805, hand soldering")
    (tags "resistor 0805")
    (path /5C1626A2/5C15D7C7)
    (attr smd)
    (fp_text reference D5 (at 0 -1.7 270) (layer F.SilkS)
      (effects (font (size 1 1) (thickness 0.15)))
    )
    (fp_text value green (at 0 1.75 270) (layer F.Fab)
      (effects (font (size 1 1) (thickness 0.15)))
    )
    (fp_line (start -2.2 -0.75) (end -2.2 0.75) (layer F.SilkS) (width 0.12))
    (fp_line (start 2.35 0.9) (end -2.35 0.9) (layer F.CrtYd) (width 0.05))
    (fp_line (start 2.35 0.9) (end 2.35 -0.9) (layer F.CrtYd) (width 0.05))
    (fp_line (start -2.35 -0.9) (end -2.35 0.9) (layer F.CrtYd) (width 0.05))
    (fp_line (start -2.35 -0.9) (end 2.35 -0.9) (layer F.CrtYd) (width 0.05))
    (fp_line (start -2.2 -0.75) (end 1 -0.75) (layer F.SilkS) (width 0.12))
    (fp_line (start 1 0.75) (end -2.2 0.75) (layer F.SilkS) (width 0.12))
    (fp_line (start -1 -0.62) (end 1 -0.62) (layer F.Fab) (width 0.1))
    (fp_line (start 1 -0.62) (end 1 0.62) (layer F.Fab) (width 0.1))
    (fp_line (start 1 0.62) (end -1 0.62) (layer F.Fab) (width 0.1))
    (fp_line (start -1 0.62) (end -1 -0.62) (layer F.Fab) (width 0.1))
    (fp_line (start 0.2 -0.4) (end 0.2 0.4) (layer F.Fab) (width 0.1))
    (fp_line (start 0.2 0.4) (end -0.4 0) (layer F.Fab) (width 0.1))
    (fp_line (start -0.4 0) (end 0.2 -0.4) (layer F.Fab) (width 0.1))
    (fp_line (start -0.4 -0.4) (end -0.4 0.4) (layer F.Fab) (width 0.1))
    (pad 2 smd rect (at 1.35 0 270) (size 1.5 1.3) (layers F.Cu F.Paste F.Mask)
      (net 11 /Out2))
    (pad 1 smd rect (at -1.35 0 270) (size 1.5 1.3) (layers F.Cu F.Paste F.Mask)
      (net 21 "Net-(D5-Pad1)"))
    (model ${KISYS3DMOD}/LEDs.3dshapes/LED_0805.wrl
      (at (xyz 0 0 0))
      (scale (xyz 1 1 1))
      (rotate (xyz 0 0 0))
    )
  )

  (module LEDs:LED_0805_HandSoldering (layer F.Cu) (tedit 595FCA25) (tstamp 5C1ACE5E)
    (at 78.38628 44.55668 270)
    (descr "Resistor SMD 0805, hand soldering")
    (tags "resistor 0805")
    (path /5C1626A6/5C15D7C7)
    (attr smd)
    (fp_text reference D11 (at 0 -1.7 270) (layer F.SilkS)
      (effects (font (size 1 1) (thickness 0.15)))
    )
    (fp_text value green (at 0 1.75 270) (layer F.Fab)
      (effects (font (size 1 1) (thickness 0.15)))
    )
    (fp_line (start -0.4 -0.4) (end -0.4 0.4) (layer F.Fab) (width 0.1))
    (fp_line (start -0.4 0) (end 0.2 -0.4) (layer F.Fab) (width 0.1))
    (fp_line (start 0.2 0.4) (end -0.4 0) (layer F.Fab) (width 0.1))
    (fp_line (start 0.2 -0.4) (end 0.2 0.4) (layer F.Fab) (width 0.1))
    (fp_line (start -1 0.62) (end -1 -0.62) (layer F.Fab) (width 0.1))
    (fp_line (start 1 0.62) (end -1 0.62) (layer F.Fab) (width 0.1))
    (fp_line (start 1 -0.62) (end 1 0.62) (layer F.Fab) (width 0.1))
    (fp_line (start -1 -0.62) (end 1 -0.62) (layer F.Fab) (width 0.1))
    (fp_line (start 1 0.75) (end -2.2 0.75) (layer F.SilkS) (width 0.12))
    (fp_line (start -2.2 -0.75) (end 1 -0.75) (layer F.SilkS) (width 0.12))
    (fp_line (start -2.35 -0.9) (end 2.35 -0.9) (layer F.CrtYd) (width 0.05))
    (fp_line (start -2.35 -0.9) (end -2.35 0.9) (layer F.CrtYd) (width 0.05))
    (fp_line (start 2.35 0.9) (end 2.35 -0.9) (layer F.CrtYd) (width 0.05))
    (fp_line (start 2.35 0.9) (end -2.35 0.9) (layer F.CrtYd) (width 0.05))
    (fp_line (start -2.2 -0.75) (end -2.2 0.75) (layer F.SilkS) (width 0.12))
